0 0.364431 0.393216 0.065598 0.051533
0 0.466472 0.340395 0.065598 0.036073
0 0.464144 0.397019 0.066610 0.050101
0 0.545697 0.544401 0.057675 0.056462
0 0.624445 0.543617 0.053239 0.058031
0 0.627453 0.614085 0.044152 0.063822
0 0.543073 0.608188 0.059851 0.052028
0 0.454246 0.604058 0.060895 0.052364
0 0.457538 0.552275 0.049375 0.034909
0 0.367018 0.602894 0.057604 0.054691
0 0.364549 0.551403 0.059250 0.028509
0 0.450955 0.499329 0.060895 0.026764
0 0.338010 0.502178 0.057398 0.025552
0 0.193001 0.338644 0.052309 0.035709
0 0.252525 0.338006 0.043290 0.034433
0 0.252525 0.393163 0.037879 0.056751
0 0.190296 0.391888 0.052309 0.052925
0 0.234037 0.468407 0.076659 0.043998
0 0.189394 0.549070 0.050505 0.053563
0 0.266504 0.547794 0.064033 0.049737
0 0.264250 0.604865 0.066739 0.052925
0 0.191198 0.605821 0.050505 0.048462