0 0.187268 0.547011 0.049861 0.059029
0 0.186543 0.612799 0.057398 0.048473
0 0.266263 0.548262 0.052615 0.060310
0 0.265067 0.612236 0.059790 0.054110
0 0.201291 0.346479 0.098055 0.042273
0 0.177774 0.402561 0.047832 0.050728
0 0.241550 0.403125 0.047832 0.045091
0 0.364100 0.346150 0.057978 0.034433
0 0.368738 0.400669 0.064935 0.054929
0 0.460526 0.356663 0.051020 0.027529
0 0.459855 0.404127 0.060419 0.048414
0 0.455156 0.543198 0.056391 0.058856
0 0.361171 0.541300 0.064447 0.068349
0 0.363185 0.609649 0.055048 0.036073
0 0.461198 0.614870 0.052363 0.057907
0 0.543686 0.553738 0.076531 0.047346
0 0.550595 0.617966 0.063776 0.053108
0 0.641156 0.623120 0.051020 0.067336