0 0.153920 0.339559 0.054513 0.032875
0 0.218454 0.340693 0.045695 0.034008
0 0.216450 0.397373 0.046497 0.054413
0 0.154722 0.398790 0.052910 0.059514
0 0.337502 0.340126 0.064133 0.035142
0 0.436909 0.338142 0.064133 0.035709
0 0.437710 0.399357 0.059323 0.052713
0 0.336700 0.397373 0.067340 0.054413
0 0.333093 0.500815 0.068142 0.031174
0 0.430896 0.500248 0.068142 0.033441
0 0.432500 0.546159 0.080968 0.033441
0 0.427289 0.617577 0.065737 0.086721
0 0.330688 0.590370 0.063332 0.048178
0 0.331890 0.544742 0.067340 0.031741
0 0.152718 0.524621 0.061728 0.024373
0 0.155523 0.565147 0.054513 0.046478
0 0.155523 0.629196 0.056117 0.060081
0 0.238897 0.628629 0.057720 0.061215
0 0.235289 0.524904 0.058522 0.024939
0 0.235289 0.564297 0.060125 0.042510
0 0.332692 0.643366 0.065737 0.039676
0 0.528700 0.526038 0.056918 0.032875
0 0.525894 0.567698 0.068943 0.042510
0 0.530704 0.629196 0.060927 0.063482