0 0.413285 0.533583 0.013258 0.014430
0 0.461310 0.534238 0.015693 0.015742
0 0.414232 0.617845 0.014069 0.015392
0 0.461678 0.617364 0.016234 0.013468
0 0.450893 0.441558 0.016504 0.012025
0 0.400703 0.444925 0.014610 0.012025
0 0.489448 0.441799 0.012446 0.011544
0 0.562500 0.446128 0.012987 0.018278
0 0.615936 0.447571 0.012716 0.013468
0 0.615936 0.349447 0.014340 0.014430
0 0.562500 0.350168 0.014069 0.016835
0 0.489583 0.351371 0.012716 0.013468
0 0.450081 0.350890 0.016504 0.013468
0 0.399621 0.350409 0.014610 0.014430
0 0.463474 0.259259 0.017316 0.013949
0 0.411661 0.255171 0.013799 0.014430
0 0.426407 0.176527 0.014069 0.015873
0 0.446834 0.176768 0.013258 0.016354
0 0.520833 0.242424 0.007576 0.029341
0 0.562500 0.236893 0.014069 0.015392
0 0.561959 0.170996 0.016234 0.016354
0 0.615666 0.171477 0.014881 0.013468
0 0.615936 0.235931 0.013799 0.014430