0 0.491256 0.451594 0.013651 0.013118
0 0.446302 0.457927 0.014966 0.014430
0 0.426390 0.456575 0.016234 0.018939
0 0.567548 0.467172 0.013951 0.015783
0 0.621576 0.467623 0.013444 0.013077
0 0.622083 0.365711 0.014458 0.013979
0 0.568055 0.366613 0.014966 0.014881
0 0.425756 0.549017 0.015473 0.015332
0 0.475852 0.549919 0.014712 0.016234
0 0.426263 0.633342 0.014458 0.016234
0 0.476106 0.634019 0.014205 0.016685
0 0.426897 0.364809 0.014712 0.018488
0 0.446175 0.365711 0.014205 0.013979
0 0.487895 0.336596 0.012352 0.012548
0 0.476249 0.273857 0.015175 0.017567
0 0.468132 0.291424 0.000353 0.000000
0 0.425431 0.273543 0.013763 0.016940
0 0.522127 0.257544 0.013058 0.030115
0 0.476426 0.192296 0.014822 0.015057
0 0.427019 0.191668 0.014116 0.017567
0 0.569148 0.183467 0.015847 0.018553
0 0.620748 0.188621 0.017007 0.013743
0 0.568568 0.251838 0.015461 0.016491
0 0.622488 0.250120 0.014301 0.014430
0 0.590600 0.313681 0.000000 0.001374