0 0.421037 0.184422 0.013736 0.014754
0 0.445076 0.183890 0.014361 0.014430
0 0.421349 0.264365 0.014361 0.015540
0 0.444972 0.264550 0.013736 0.014430
0 0.534257 0.223295 0.013736 0.012580
0 0.567453 0.241795 0.014361 0.015540
0 0.423431 0.358715 0.013528 0.011100
0 0.448926 0.358900 0.014985 0.014430
0 0.453713 0.402930 0.000000 0.000370
0 0.566517 0.362045 0.014569 0.016280
0 0.424471 0.457875 0.013944 0.015540
0 0.450071 0.458245 0.016858 0.014060
0 0.566101 0.456580 0.014153 0.015910
0 0.606685 0.457505 0.012904 0.013320
0 0.612721 0.362230 0.014985 0.013690
0 0.416860 0.639662 0.013683 0.014842
0 0.424281 0.552051 0.015074 0.014430
0 0.446197 0.553288 0.014378 0.015255
0 0.541744 0.559060 0.000000 0.000412
0 0.568152 0.177179 0.014881 0.014620
0 0.621769 0.167607 0.010133 0.028195